/*--------------------------------*- C++ -*----------------------------------*\
| =========                 |                                                 |
| \\      /  F ield         | OpenFOAM: The Open Source CFD Toolbox           |
|  \\    /   O peration     | Version:  2512                                  |
|   \\  /    A nd           | Website:  www.openfoam.com                      |
|    \\/     M anipulation  |                                                 |
\*---------------------------------------------------------------------------*/
FoamFile
{
    version     2.0;
    format      binary;
    arch        "LSB;label=32;scalar=64";
    class       cellSet;
    location    "constant/polyMesh/sets";
    object      initPowderBed;
}
// * * * * * * * * * * * * * * * * * * * * * * * * * * * * * * * * * * * * * //


2515
(
16639
16659
16678
16679
16699
16719
16818
16837
16838
16839
16857
16858
16859
10924
10944
10953
10959
11054
11074
11126
11242
11243
11329
11349
11409
11415
11416
11417
11428
11429
11430
11434
11435
11436
11437
11447
11448
11449
11450
11451
11454
11455
11456
11457
11467
11468
11469
11470
11471
11475
11476
11477
11484
11485
11488
11489
11490
11502
11503
11504
11505
11506
11512
11513
11518
11519
11522
11523
11524
11525
11526
11531
11532
11533
11534
11537
11538
11539
11542
11543
11544
11545
11546
11551
11552
11553
11554
11555
11557
11558
11559
11563
11564
11565
11566
11571
11572
11573
11574
11575
11578
11579
11584
11591
11592
11593
11594
11599
11601
11602
11603
11604
11606
11607
11608
11613
11614
11620
11621
11622
11623
11624
11625
11626
11627
11628
11629
11632
11633
11634
11635
11639
11640
11641
11642
11643
11644
11645
11646
11647
11648
11649
11652
11653
11654
11655
11656
11659
11661
11662
11663
11664
11666
11667
11668
11672
11673
11674
11675
11676
11679
11682
11686
11687
11692
11693
11694
11695
11705
11706
11707
11708
11714
11717
11718
11719
11724
11725
11726
11727
11728
11737
11738
11739
11745
11746
11747
11748
11757
11758
11759
11765
11766
11767
11768
11770
11771
11777
11778
11779
11789
11790
11791
11792
11798
11799
11801
11802
11803
11804
11809
11810
11811
11812
11815
11816
11821
11822
11823
11824
11829
11830
11831
11832
11834
11835
11836
11837
11840
11841
11842
11843
11844
11845
11850
11851
11854
11855
11856
11857
11861
11862
11863
11864
11874
11875
11876
11877
11878
11879
11881
11882
11883
11884
11888
11889
11894
11895
11896
11897
11898
11899
11907
11908
11909
11910
11911
11918
11919
11927
11928
11929
11930
11931
11938
11939
11947
11948
11949
11950
11951
11967
11968
11969
11970
11971
11988
11989
12008
12009
12010
12014
12015
12016
12017
12018
12027
12028
12029
12030
12031
12033
12034
12035
12036
12037
12038
12039
12047
12048
12049
12050
12051
12053
12054
12055
12056
12057
12058
12059
12067
12068
12069
12070
12071
12074
12075
12076
12077
12078
12079
12082
12083
12084
12085
12086
12087
12088
12089
12090
12091
12093
12095
12096
12098
12099
12102
12103
12104
12105
12106
12107
12108
12109
12110
12111
12112
12113
12114
12115
12117
12118
12119
12121
12122
12123
12124
12125
12126
12127
12130
12131
12132
12133
12134
12135
12137
12138
12139
12141
12142
12143
12144
12145
12146
12147
12150
12151
12152
12153
12154
12155
12156
12157
12158
12159
12162
12163
12164
12165
12166
12167
12170
12171
12172
12173
12174
12175
12177
12178
12179
12180
12181
12182
12183
12184
12185
12186
12187
12188
12190
12191
12192
12193
12194
12195
12197
12198
12199
12200
12201
12202
12203
12204
12205
12206
12207
12208
12209
12211
12212
12213
12214
12215
12216
12219
12220
12221
12222
12223
12224
12225
12226
12227
12228
12229
12230
12231
12232
12233
12234
12235
12236
12238
12239
12240
12241
12242
12243
12244
12245
12246
12247
12248
12249
12250
12251
12252
12253
12254
12255
12256
12257
12258
12259
12260
12261
12262
12263
12264
12265
12266
12267
12268
12269
12271
12272
12273
12274
12275
12276
12277
12278
12279
12280
12281
12282
12283
12284
12285
12286
12287
12288
12291
12292
12293
12294
12295
12296
12298
12299
12304
12305
12306
12307
12308
12309
12312
12313
12314
12315
12316
12317
12318
12319
12324
12325
12326
12327
12328
12329
12336
12337
12338
12339
12344
12345
12346
12347
12348
12349
12356
12357
12358
12359
12364
12365
12366
12367
12368
12369
12370
12371
12372
12376
12377
12378
12379
12381
12382
12383
12384
12385
12386
12387
12388
12389
12390
12391
12392
12393
12397
12398
12399
12400
12401
12402
12403
12404
12405
12408
12409
12410
12411
12412
12413
12414
12415
12416
12417
12420
12421
12422
12423
12424
12425
12428
12429
12430
12431
12432
12433
12434
12435
12436
12437
12438
12440
12441
12442
12443
12444
12445
12449
12450
12451
12452
12453
12454
12455
12456
12457
12458
12459
12460
12461
12462
12463
12464
12465
12470
12471
12473
12474
12475
12476
12477
12478
12479
12480
12481
12482
12483
12484
12485
12487
12488
12489
12490
12491
12494
12495
12496
12497
12498
12499
12502
12503
12506
12507
12508
12509
12510
12511
12512
12515
12516
12517
12518
12519
12526
12527
12528
12529
12530
12531
12532
12537
12538
12539
12546
12547
12548
12549
12550
12551
12552
12558
12559
12566
12567
12568
12569
12570
12571
12572
12587
12588
12589
12590
12591
12607
12608
12609
12610
12611
12613
12614
12615
12616
12617
12618
12619
12627
12628
12629
12630
12631
12633
12634
12635
12636
12637
12638
12639
12646
12647
12648
12649
12650
12651
12652
12653
12654
12655
12656
12657
12658
12659
12663
12664
12665
12666
12667
12668
12669
12670
12671
12674
12675
12676
12677
12678
12679
12682
12683
12684
12685
12686
12687
12688
12689
12690
12691
12692
12693
12694
12695
12696
12697
12698
12699
12701
12702
12703
12704
12705
12706
12707
12708
12709
12710
12711
12712
12713
12714
12715
12717
12718
12719
12721
12722
12723
12724
12725
12726
12727
12730
12731
12732
12733
12734
12735
12736
12737
12738
12739
12741
12742
12743
12744
12745
12746
12747
12750
12751
12752
12753
12754
12755
12756
12757
12758
12759
12761
12762
12763
12764
12765
12766
12767
12770
12771
12772
12773
12774
12775
12776
12777
12778
12779
12780
12781
12782
12783
12784
12785
12786
12787
12788
12789
12790
12791
12792
12793
12794
12795
12797
12798
12799
12800
12801
12802
12803
12804
12805
12806
12807
12808
12809
12810
12811
12812
12813
12814
12815
12816
12818
12819
12820
12821
12822
12823
12824
12825
12826
12827
12828
12829
12830
12831
12832
12833
12834
12835
12836
12837
12838
12839
12840
12841
12842
12843
12844
12845
12846
12847
12848
12849
12850
12851
12852
12853
12854
12855
12856
12857
12858
12859
12860
12861
12862
12863
12864
12865
12866
12867
12868
12869
12870
12871
12872
12873
12874
12875
12876
12877
12878
12879
12880
12881
12882
12883
12884
12885
12886
12887
12888
12889
12891
12892
12893
12894
12895
12896
12897
12898
12899
12901
12902
12903
12904
12905
12906
12907
12908
12909
12911
12912
12913
12914
12915
12916
12917
12918
12919
12923
12924
12925
12926
12927
12928
12929
12933
12934
12936
12937
12938
12939
12943
12944
12945
12946
12947
12948
12949
12956
12957
12958
12959
12964
12965
12966
12967
12968
12969
12970
12971
12972
12976
12977
12978
12979
12981
12982
12983
12984
12985
12986
12987
12988
12989
12990
12991
12992
12993
12996
12997
12998
12999
13000
13001
13002
13003
13004
13005
13008
13009
13010
13011
13012
13013
13014
13015
13016
13017
13018
13019
13020
13021
13022
13023
13024
13025
13026
13028
13029
13030
13031
13032
13033
13034
13035
13036
13037
13038
13040
13041
13042
13043
13044
13045
13046
13048
13049
13050
13051
13052
13053
13054
13055
13056
13057
13058
13059
13060
13061
13062
13063
13064
13065
13066
13068
13069
13070
13071
13073
13074
13075
13076
13077
13078
13079
13080
13081
13082
13083
13084
13085
13087
13088
13089
13090
13091
13093
13094
13095
13096
13097
13098
13099
13101
13102
13103
13104
13106
13107
13108
13109
13110
13111
13112
13114
13115
13116
13117
13118
13119
13126
13127
13128
13129
13130
13131
13132
13137
13138
13139
13146
13147
13148
13149
13150
13151
13152
13158
13159
13166
13167
13168
13169
13170
13171
13172
13187
13188
13189
13190
13191
13207
13208
13209
13210
13213
13214
13215
13216
13217
13218
13219
13227
13228
13229
13230
13231
13233
13234
13235
13236
13237
13238
13239
13246
13247
13248
13249
13250
13251
13253
13254
13255
13256
13257
13258
13259
13263
13264
13265
13267
13268
13269
13270
13271
13274
13275
13276
13277
13278
13279
13282
13283
13284
13285
13286
13287
13288
13289
13290
13291
13292
13293
13294
13295
13296
13297
13298
13299
13301
13302
13303
13304
13305
13306
13307
13308
13309
13310
13311
13312
13313
13314
13315
13317
13318
13319
13321
13322
13323
13324
13325
13326
13327
13330
13331
13332
13333
13334
13335
13336
13337
13338
13339
13341
13342
13343
13344
13345
13346
13347
13350
13351
13352
13353
13354
13355
13356
13357
13358
13359
13361
13362
13363
13364
13365
13366
13367
13370
13371
13372
13373
13374
13375
13376
13377
13378
13379
13380
13381
13382
13383
13384
13385
13386
13387
13388
13389
13390
13391
13392
13393
13394
13395
13397
13398
13399
13400
13401
13402
13403
13404
13405
13406
13407
13408
13409
13411
13412
13413
13414
13415
13416
13418
13419
13420
13421
13422
13423
13424
13425
13426
13427
13428
13429
13430
13431
13432
13433
13434
13435
13436
13437
13438
13439
13440
13441
13442
13443
13444
13445
13446
13447
13448
13449
13450
13451
13452
13453
13454
13455
13456
13457
13458
13459
13460
13461
13462
13463
13464
13465
13466
13467
13468
13469
13470
13471
13472
13473
13474
13475
13476
13477
13478
13479
13480
13481
13482
13483
13484
13485
13486
13487
13488
13489
13491
13492
13493
13494
13495
13496
13497
13498
13499
13501
13502
13503
13504
13505
13506
13507
13508
13509
13511
13512
13513
13514
13515
13516
13517
13518
13519
13523
13524
13525
13526
13527
13528
13529
13533
13534
13535
13536
13537
13538
13539
13544
13545
13546
13547
13548
13549
13556
13557
13558
13559
13564
13565
13566
13567
13568
13569
13570
13571
13572
13576
13577
13578
13579
13581
13582
13583
13584
13585
13586
13587
13588
13589
13590
13591
13592
13593
13596
13597
13598
13599
13600
13601
13602
13603
13604
13605
13608
13609
13610
13611
13612
13613
13614
13615
13616
13617
13618
13619
13620
13621
13622
13623
13624
13625
13626
13628
13629
13630
13631
13632
13633
13634
13635
13636
13637
13638
13640
13641
13642
13643
13644
13645
13646
13649
13650
13651
13652
13653
13654
13655
13656
13657
13658
13659
13660
13661
13662
13663
13664
13665
13666
13668
13669
13670
13671
13673
13674
13675
13676
13677
13678
13679
13680
13681
13682
13683
13684
13685
13686
13687
13688
13689
13690
13691
13693
13694
13695
13696
13697
13698
13699
13701
13702
13703
13704
13706
13707
13708
13709
13710
13711
13712
13715
13716
13717
13718
13719
13726
13727
13728
13729
13730
13731
13732
13737
13738
13739
13746
13747
13748
13749
13750
13751
13752
13758
13759
13766
13767
13768
13769
13770
13771
13772
13786
13787
13788
13789
13790
13791
13808
13809
13810
13814
13815
13816
13817
13818
13819
13827
13828
13829
13830
13831
13834
13835
13836
13837
13838
13839
13847
13848
13849
13850
13851
13854
13855
13856
13857
13858
13859
13864
13865
13867
13868
13869
13870
13871
13874
13875
13876
13877
13878
13879
13882
13883
13884
13885
13886
13888
13889
13890
13892
13893
13898
13899
13901
13902
13903
13904
13905
13906
13907
13911
13912
13913
13914
13915
13917
13918
13919
13921
13922
13923
13924
13925
13926
13927
13930
13931
13932
13933
13934
13935
13936
13937
13938
13939
13941
13942
13943
13944
13945
13946
13947
13950
13951
13952
13953
13954
13955
13956
13957
13958
13959
13961
13962
13963
13964
13965
13966
13967
13970
13971
13972
13973
13974
13975
13976
13977
13978
13979
13980
13981
13982
13983
13984
13985
13986
13987
13988
13990
13991
13992
13993
13994
13995
13997
13998
13999
14000
14001
14002
14003
14004
14005
14006
14007
14008
14009
14011
14012
14013
14014
14015
14016
14018
14019
14020
14021
14022
14023
14024
14025
14026
14027
14028
14029
14031
14032
14033
14034
14035
14036
14038
14039
14040
14041
14042
14043
14044
14045
14046
14047
14048
14049
14051
14052
14053
14054
14055
14056
14057
14058
14059
14060
14061
14062
14063
14064
14065
14066
14067
14068
14069
14071
14072
14073
14074
14075
14076
14077
14078
14079
14080
14081
14082
14083
14084
14085
14086
14087
14088
14091
14092
14093
14094
14095
14096
14098
14099
14101
14102
14103
14104
14105
14106
14107
14108
14109
14112
14113
14114
14115
14116
14117
14118
14119
14124
14125
14126
14127
14128
14129
14134
14136
14137
14138
14139
14144
14145
14146
14147
14148
14149
14156
14157
14158
14159
14164
14165
14166
14167
14168
14170
14171
14176
14177
14178
14179
14181
14182
14183
14184
14186
14187
14189
14190
14191
14192
14197
14198
14199
14200
14201
14202
14203
14204
14205
14208
14209
14210
14211
14212
14213
14215
14216
14219
14220
14221
14222
14223
14224
14225
14229
14230
14231
14232
14234
14235
14236
14237
14240
14241
14242
14243
14244
14245
14246
14249
14250
14251
14252
14253
14254
14255
14256
14257
14258
14259
14260
14261
14262
14263
14264
14265
14268
14269
14270
14273
14274
14275
14276
14277
14278
14279
14280
14281
14282
14283
14284
14285
14287
14288
14289
14290
14291
14294
14295
14296
14297
14298
14299
14301
14302
14303
14304
14306
14307
14308
14309
14310
14311
14312
14317
14318
14319
14326
14327
14328
14329
14330
14331
14332
14338
14339
14346
14347
14348
14349
14350
14351
14352
14359
14366
14367
14368
14369
14370
14371
14372
14386
14387
14388
14389
14390
14391
14415
14416
14417
14418
14419
14435
14436
14437
14438
14439
14448
14449
14450
14455
14456
14457
14458
14459
14468
14469
14476
14477
14478
14479
14483
14484
14485
14486
14497
14498
14499
14502
14503
14504
14505
14506
14512
14513
14514
14517
14518
14519
14522
14523
14524
14525
14526
14527
14531
14532
14533
14534
14535
14537
14538
14539
14542
14543
14544
14545
14546
14547
14550
14551
14552
14553
14554
14555
14557
14558
14559
14562
14563
14564
14565
14566
14571
14572
14573
14574
14575
14577
14578
14579
14580
14581
14582
14583
14584
14585
14591
14592
14593
14594
14598
14599
14600
14601
14602
14603
14604
14605
14606
14607
14608
14612
14613
14614
14615
14619
14620
14621
14622
14623
14624
14625
14626
14627
14628
14629
14632
14633
14634
14635
14636
14638
14639
14640
14641
14642
14643
14644
14645
14646
14647
14648
14649
14651
14652
14653
14654
14655
14656
14658
14659
14660
14661
14662
14663
14664
14665
14666
14667
14668
14671
14672
14673
14674
14675
14676
14678
14679
14680
14681
14682
14683
14684
14686
14687
14692
14693
14694
14695
14696
14699
14705
14706
14707
14708
14713
14714
14715
14718
14719
14724
14725
14726
14727
14728
14737
14738
14739
14745
14746
14747
14748
14757
14758
14759
14765
14766
14767
14777
14778
14779
14790
14791
14798
14799
14801
14802
14803
14804
14810
14811
14819
14820
14821
14822
14823
14824
14825
14830
14831
14835
14836
14839
14840
14841
14842
14843
14844
14845
14854
14855
14856
14857
14858
14859
14860
14861
14862
14863
14864
14865
14875
14876
14878
14879
14881
14882
14883
14884
14887
14888
14889
14890
14891
14898
14899
14907
14908
14909
14910
14911
14918
14919
14926
14927
14928
14929
14930
14931
14932
14946
14947
14948
14949
14950
14951
14952
14967
14968
14969
14970
14971
14986
14987
14988
14989
14990
14991
15015
15016
15017
15018
15019
15035
15036
15037
15038
15039
15055
15056
15057
15058
15059
15075
15076
15077
15078
15079
15096
15097
15098
15099
15103
15104
15105
15123
15124
15125
15126
15132
15133
15138
15139
15143
15144
15145
15152
15153
15154
15158
15159
15164
15165
15172
15173
15179
15201
15202
15203
15204
15220
15221
15222
15223
15224
15233
15234
15239
15240
15241
15242
15243
15244
15252
15253
15254
15255
15259
15261
15262
15263
15264
15272
15273
15274
15275
15279
15282
15293
15294
15422
15423
15439
15441
15442
15443
15444
15458
15459
15462
15463
15478
15479
15498
15499
15508
15509
15510
15519
15527
15528
15529
15530
15531
15547
15548
15549
15550
15551
15568
15569
15570
15587
15588
15615
15616
15617
15618
15619
15635
15636
15637
15638
15639
15655
15656
15657
15658
15659
15676
15677
15678
15679
15697
15698
15699
16039
16058
16059
16078
16079
16098
16099
16119
16216
16217
16218
16219
16236
16237
16238
16239
16256
16257
16258
16259
16276
16277
16278
16279
16298
)


// ************************************************************************* //
